[gd_scene load_steps=14 format=3 uid="uid://c5mn3hokil1bh"]

[ext_resource type="Script" path="res://gd/kira.gd" id="1_ans1o"]
[ext_resource type="ArrayMesh" uid="uid://buv8h4kkytlod" path="res://global_asset/kira/kira.mesh" id="2_5ldg6"]

[sub_resource type="CapsuleShape3D" id="CapsuleShape3D_dk40o"]
radius = 0.3
height = 1.6

[sub_resource type="Skin" id="Skin_ntbw8"]
resource_name = "Skin"
bind_count = 69
bind/0/name = &"Hips"
bind/0/bone = -1
bind/0/pose = Transform3D(1, 0, 0, 0, 1, 0, 0, 0, 1, 0, -0.934319, 0)
bind/1/name = &"Spine"
bind/1/bone = -1
bind/1/pose = Transform3D(1, -2.42288e-09, 2.35838e-09, 2.35838e-09, 0.999636, 0.0269767, -2.42288e-09, -0.0269767, 0.999636, 1.02439e-09, -0.992346, 0.0114057)
bind/2/name = &"Chest"
bind/2/bone = -1
bind/2/pose = Transform3D(1, 1.51466e-08, -1.88577e-08, -1.88577e-08, 0.976458, -0.215707, 1.51466e-08, 0.215707, 0.976458, -1.78932e-08, -1.06896, -0.254824)
bind/3/name = &"Breast_L"
bind/3/bone = -1
bind/3/pose = Transform3D(-0.767346, -0.332313, 0.548405, 0.548405, 0.103116, 0.829831, -0.332313, 0.937515, 0.103116, 0.396214, -0.20763, -1.10959)
bind/4/name = &"J_Sec_L_Bust2"
bind/4/bone = -1
bind/4/pose = Transform3D(-0.767346, -0.332314, 0.548405, 0.548405, 0.103116, 0.829831, -0.332313, 0.937515, 0.103116, 0.396214, -0.248452, -1.10959)
bind/5/name = &"Breast_R"
bind/5/bone = -1
bind/5/pose = Transform3D(-0.767346, 0.332313, -0.548405, -0.548404, 0.103116, 0.829831, 0.332313, 0.937515, 0.103116, -0.396214, -0.20763, -1.10959)
bind/6/name = &"J_Sec_R_Bust2"
bind/6/bone = -1
bind/6/pose = Transform3D(-0.767346, 0.332314, -0.548405, -0.548404, 0.103116, 0.829831, 0.332314, 0.937515, 0.103116, -0.396215, -0.248452, -1.10959)
bind/7/name = &"Neck"
bind/7/bone = -1
bind/7/pose = Transform3D(1, -1.74022e-08, 1.52881e-08, 1.52881e-08, 0.99167, 0.128807, -1.74022e-08, -0.128807, 0.99167, 2.63097e-08, -1.30969, 0.202072)
bind/8/name = &"Head"
bind/8/bone = -1
bind/8/pose = Transform3D(1, -2.22045e-16, -1.77636e-15, 1.55431e-15, 1, -2.76101e-30, 3.55271e-15, -7.88861e-31, 1, 1.70252e-09, -1.39409, 0.0226932)
bind/9/name = &"Eye_L"
bind/9/bone = -1
bind/9/pose = Transform3D(1, -2.06583e-07, 1.41318e-07, 1.41318e-07, 0.932008, 0.362439, -2.06583e-07, -0.362439, 0.932008, -0.00891284, -1.35637, 0.526421)
bind/10/name = &"Eye_R"
bind/10/bone = -1
bind/10/pose = Transform3D(1, -2.06583e-07, 1.41318e-07, 1.41318e-07, 0.932008, 0.362439, -2.06583e-07, -0.362439, 0.932008, 0.00891343, -1.35637, 0.526421)
bind/11/name = &"Left shoulder"
bind/11/bone = -1
bind/11/pose = Transform3D(0.0220685, 0.146906, 0.988904, 0.988904, -0.148555, 6.33299e-08, 0.146906, 0.977932, -0.148555, -0.167855, 0.173319, -1.27753)
bind/12/name = &"Left arm"
bind/12/bone = -1
bind/12/pose = Transform3D(-7.45058e-09, -4.47035e-08, 1, 1, 4.47035e-08, 8.56816e-08, -1.11022e-16, 1, 1.49012e-08, 0.0237905, -0.0841432, -1.2901)
bind/13/name = &"Left elbow"
bind/13/bone = -1
bind/13/pose = Transform3D(-0.00184851, -1.24675e-05, 0.999998, 0.999998, 1.24891e-05, 0.00184859, -1.24675e-05, 1, 1.24146e-05, 0.0243422, -0.289757, -1.2901)
bind/14/name = &"Left wrist"
bind/14/bone = -1
bind/14/pose = Transform3D(0.0261175, -0.0741944, 0.996902, 0.996902, 0.0759482, -0.020465, -0.0741944, 0.994348, 0.075948, 0.10651, -0.57834, -1.24532)
bind/15/name = &"IndexFinger1_L"
bind/15/bone = -1
bind/15/pose = Transform3D(0.0205057, 3.11711e-08, 0.99979, 0.999789, 6.643e-08, -0.0205056, -1.58147e-08, 1, -4.43885e-08, -0.0057583, -0.538634, -1.29671)
bind/16/name = &"IndexFinger2_L"
bind/16/bone = -1
bind/16/pose = Transform3D(0.0405933, 0.0283865, 0.998772, 0.998772, -0.0295512, -0.0397533, 0.0283865, 0.99916, -0.0295512, -0.0539776, -0.528946, -1.31191)
bind/17/name = &"IndexFinger3_L"
bind/17/bone = -1
bind/17/pose = Transform3D(0.0405935, 0.0283865, 0.998772, 0.998772, -0.0295512, -0.0397535, 0.0283865, 0.99916, -0.0295512, -0.0539777, -0.546861, -1.31191)
bind/18/name = &"LittleFinger1_L"
bind/18/bone = -1
bind/18/pose = Transform3D(-2.35625e-07, 4.47035e-08, 1, 1, 7.45058e-08, 3.17115e-07, -2.23517e-08, 1, -6.70552e-08, 0.0503732, -0.534807, -1.29671)
bind/19/name = &"LittleFinger2_L"
bind/19/bone = -1
bind/19/pose = Transform3D(-2.35058e-07, -2.29174e-14, 1, 1, 5.21541e-08, 3.16549e-07, 5.25396e-15, 1, -2.23518e-08, 0.0503732, -0.562305, -1.29671)
bind/20/name = &"LittleFinger3_L"
bind/20/bone = -1
bind/20/pose = Transform3D(-4.70116e-07, 1.52466e-20, 1, 1, 5.21541e-08, 5.51606e-07, 1.05079e-14, 1, -2.23518e-08, 0.0503733, -0.578154, -1.29671)
bind/21/name = &"MiddleFinger1_L"
bind/21/bone = -1
bind/21/pose = Transform3D(-5.69956e-07, 3.71039e-06, 1, 1, -3.62843e-06, 6.55665e-07, 3.68059e-06, 1, -3.74764e-06, 0.021542, -0.539414, -1.29671)
bind/22/name = &"MiddleFinger2_L"
bind/22/bone = -1
bind/22/pose = Transform3D(1.49063e-06, -5.96238e-06, 1, 1, 6.01455e-06, -1.4049e-06, -5.96238e-06, 1, 5.92514e-06, 0.0215533, -0.571835, -1.29671)
bind/23/name = &"MiddleFinger3_L"
bind/23/bone = -1
bind/23/pose = Transform3D(1.21115e-06, -5.96238e-06, 1, 1, 6.01455e-06, -1.12542e-06, -5.96238e-06, 1, 5.92513e-06, 0.0215535, -0.591829, -1.29671)
bind/24/name = &"RingFinger1_L"
bind/24/bone = -1
bind/24/pose = Transform3D(4.99654e-07, 5.21541e-08, 1, 1, 4.47035e-08, -4.12576e-07, 7.45054e-09, 1, -7.45058e-08, 0.0359813, -0.538758, -1.29671)
bind/25/name = &"RingFinger2_L"
bind/25/bone = -1
bind/25/pose = Transform3D(-2.14675e-07, -6.87111e-06, 1, 1, 6.92327e-06, 3.01801e-07, -6.87111e-06, 1, 6.84875e-06, 0.0359907, -0.56883, -1.29671)
bind/26/name = &"RingFinger3_L"
bind/26/bone = -1
bind/26/pose = Transform3D(-2.14675e-07, -6.87111e-06, 1, 1, 6.92327e-06, 3.01801e-07, -6.87111e-06, 1, 6.84875e-06, 0.0359907, -0.586179, -1.29671)
bind/27/name = &"Thumb0_L"
bind/27/bone = -1
bind/27/pose = Transform3D(-0.663674, 0.09927, 0.741406, 0.741406, -0.044239, 0.669597, 0.09927, 0.994077, -0.0442391, 0.200788, -0.296675, -1.32204)
bind/28/name = &"Thumb1_L"
bind/28/bone = -1
bind/28/pose = Transform3D(-0.634212, 0.072296, 0.769771, 0.769771, -0.034054, 0.63741, 0.072296, 0.996802, -0.034054, 0.219565, -0.365432, -1.31182)
bind/29/name = &"Thumb2_L"
bind/29/bone = -1
bind/29/pose = Transform3D(-0.634212, 0.072296, 0.769771, 0.769771, -0.034054, 0.63741, 0.0722961, 0.996802, -0.034054, 0.219565, -0.391039, -1.31182)
bind/30/name = &"Right shoulder"
bind/30/bone = -1
bind/30/pose = Transform3D(0.0220684, -0.146907, -0.988904, -0.988904, -0.148555, 2.08616e-07, -0.146906, 0.977932, -0.148555, 0.167855, 0.173319, -1.27753)
bind/31/name = &"Right arm"
bind/31/bone = -1
bind/31/pose = Transform3D(-1.86264e-07, 1.49012e-08, -1, -1, 4.47035e-08, 2.40281e-07, 5.55111e-15, 1, 2.98023e-08, -0.0237905, -0.0841432, -1.2901)
bind/32/name = &"Right elbow"
bind/32/bone = -1
bind/32/pose = Transform3D(-0.00184869, 1.24675e-05, -0.999998, -0.999998, 1.24892e-05, 0.00184874, 1.24675e-05, 1, 1.24593e-05, -0.0243422, -0.289757, -1.2901)
bind/33/name = &"Right wrist"
bind/33/bone = -1
bind/33/pose = Transform3D(0.0261175, 0.0741944, -0.996902, -0.996902, 0.0759482, -0.0204651, 0.0741944, 0.994348, 0.0759481, -0.10651, -0.57834, -1.24532)
bind/34/name = &"IndexFinger1_R"
bind/34/bone = -1
bind/34/pose = Transform3D(0.0205055, -2.3722e-08, -0.99979, -0.999789, 6.65828e-08, -0.0205055, 1.50508e-08, 1, -7.14346e-09, 0.00575828, -0.538634, -1.29671)
bind/35/name = &"IndexFinger2_R"
bind/35/bone = -1
bind/35/pose = Transform3D(0.0405932, -0.0283865, -0.998772, -0.998772, -0.0295512, -0.0397532, -0.0283865, 0.99916, -0.0295512, 0.0539776, -0.528946, -1.31191)
bind/36/name = &"IndexFinger3_R"
bind/36/bone = -1
bind/36/pose = Transform3D(0.0405934, -0.0283865, -0.998772, -0.998772, -0.0295512, -0.0397534, -0.0283865, 0.99916, -0.0295512, 0.0539777, -0.546861, -1.31191)
bind/37/name = &"LittleFinger1_R"
bind/37/bone = -1
bind/37/pose = Transform3D(-3.00817e-07, -2.98023e-08, -1, -1, 4.47035e-08, 3.54834e-07, -1.49012e-08, 1, -1.49012e-08, -0.0503731, -0.534807, -1.29671)
bind/38/name = &"LittleFinger2_R"
bind/38/bone = -1
bind/38/pose = Transform3D(-7.05174e-07, 6.5045e-15, -1, -1, 5.96047e-08, 7.5919e-07, 1.22842e-14, 1, 1.49011e-08, -0.0503734, -0.562305, -1.29671)
bind/39/name = &"LittleFinger3_R"
bind/39/bone = -1
bind/39/pose = Transform3D(-4.70116e-07, 0, -1, -1, 5.96047e-08, 5.24132e-07, 7.00526e-15, 1, 1.49011e-08, -0.0503732, -0.578154, -1.29671)
bind/40/name = &"MiddleFinger1_R"
bind/40/bone = -1
bind/40/pose = Transform3D(-7.95336e-07, -3.70294e-06, -1, -1, -3.60608e-06, 8.54967e-07, -3.65079e-06, 1, -3.70294e-06, -0.021542, -0.539414, -1.29671)
bind/41/name = &"MiddleFinger2_R"
bind/41/bone = -1
bind/41/pose = Transform3D(1.30431e-06, 5.96238e-06, -1, -1, 6.0071e-06, -1.24465e-06, 5.96238e-06, 1, 5.96239e-06, -0.0215533, -0.571835, -1.29671)
bind/42/name = &"MiddleFinger3_R"
bind/42/bone = -1
bind/42/pose = Transform3D(1.02482e-06, 5.96238e-06, -1, -1, 6.0071e-06, -9.65168e-07, 5.96238e-06, 1, 5.96239e-06, -0.0215535, -0.591829, -1.29671)
bind/43/name = &"RingFinger1_R"
bind/43/bone = -1
bind/43/pose = Transform3D(4.99654e-07, -4.47035e-08, -1, -1, 3.72529e-08, -4.4005e-07, -1.49011e-08, 1, -2.98023e-08, -0.0359813, -0.538758, -1.29671)
bind/44/name = &"RingFinger2_R"
bind/44/bone = -1
bind/44/pose = Transform3D(-6.44119e-07, 6.87111e-06, -1, -1, 6.92326e-06, 7.03771e-07, 6.87111e-06, 1, 6.88601e-06, -0.0359909, -0.56883, -1.29671)
bind/45/name = &"RingFinger3_R"
bind/45/bone = -1
bind/45/pose = Transform3D(-2.14675e-07, 6.87111e-06, -1, -1, 6.92326e-06, 2.74327e-07, 6.87111e-06, 1, 6.886e-06, -0.0359906, -0.586179, -1.29671)
bind/46/name = &"Thumb0_R"
bind/46/bone = -1
bind/46/pose = Transform3D(-0.663674, -0.09927, -0.741406, -0.741406, -0.044239, 0.669597, -0.09927, 0.994077, -0.044239, -0.200788, -0.296675, -1.32204)
bind/47/name = &"Thumb1_R"
bind/47/bone = -1
bind/47/pose = Transform3D(-0.634212, -0.072296, -0.769771, -0.769771, -0.0340539, 0.637411, -0.072296, 0.996802, -0.034054, -0.219565, -0.365432, -1.31182)
bind/48/name = &"Thumb2_R"
bind/48/bone = -1
bind/48/pose = Transform3D(-0.634212, -0.072296, -0.769772, -0.769772, -0.034054, 0.63741, -0.072296, 0.996802, -0.034054, -0.219565, -0.391039, -1.31182)
bind/49/name = &"Left leg"
bind/49/bone = -1
bind/49/pose = Transform3D(1, -3.7979e-08, -3.90122e-08, -3.90119e-08, -0.99964, -0.0268267, -3.79801e-08, 0.0268267, -0.99964, -0.0688542, 0.905443, -0.0241673)
bind/50/name = &"J_Sec_L_SkirtBack_01"
bind/50/bone = -1
bind/50/pose = Transform3D(0.993565, 0.0741739, 0.0855935, 0.0855935, -0.98665, -0.138551, 0.0741739, 0.144986, -0.986649, -0.121895, 0.832762, -0.231068)
bind/51/name = &"J_Sec_L_SkirtFront_01"
bind/51/bone = -1
bind/51/pose = Transform3D(0.994114, 0.0761478, 0.0770612, 0.0770613, -0.996986, -0.00894555, 0.0761478, 0.0148313, -0.996986, -0.133654, 0.84037, 0.0895282)
bind/52/name = &"J_Sec_L_SkirtSide_01"
bind/52/bone = -1
bind/52/pose = Transform3D(0.949532, 0.207319, 0.235387, 0.235387, -0.966961, -0.097873, 0.207319, 0.14834, -0.966961, -0.33234, 0.798761, -0.15852)
bind/53/name = &"Left knee"
bind/53/bone = -1
bind/53/pose = Transform3D(1, 1.63828e-08, 1.73115e-08, 1.73115e-08, -0.998482, -0.0550847, 1.63821e-08, 0.0550847, -0.998481, -0.0688542, 0.522585, -0.038961)
bind/54/name = &"Left ankle"
bind/54/bone = -1
bind/54/pose = Transform3D(1, 2.32925e-07, 6.71679e-08, 6.71686e-08, -0.532458, 0.846457, 2.32925e-07, -0.846457, -0.532458, -0.0688543, 0.0787922, 0.0617351)
bind/55/name = &"Left toe"
bind/55/bone = -1
bind/55/pose = Transform3D(1, 2.32925e-07, 6.7168e-08, 6.71686e-08, -0.532458, 0.846457, 2.32925e-07, -0.846457, -0.532458, -0.0688543, -0.0321324, 0.0617351)
bind/56/name = &"Right leg"
bind/56/bone = -1
bind/56/pose = Transform3D(1, 3.7979e-08, 3.90118e-08, 3.90119e-08, -0.99964, -0.0268269, 3.7979e-08, 0.0268269, -0.99964, 0.0688542, 0.905443, -0.0241674)
bind/57/name = &"J_Sec_R_SkirtBack_01"
bind/57/bone = -1
bind/57/pose = Transform3D(0.996226, -0.0567751, -0.0656456, -0.0656456, -0.987687, -0.142003, -0.0567751, 0.145777, -0.987687, 0.109076, 0.834642, -0.230692)
bind/58/name = &"J_Sec_R_SkirtFront_01"
bind/58/bone = -1
bind/58/pose = Transform3D(0.994466, -0.0738823, -0.0746923, -0.0746923, -0.997174, -0.00810526, -0.0738823, 0.0136393, -0.997174, 0.131309, 0.840577, 0.0907824)
bind/59/name = &"J_Sec_R_SkirtSide_01"
bind/59/bone = -1
bind/59/pose = Transform3D(0.949534, -0.207317, -0.235384, -0.235384, -0.966962, -0.0978736, -0.207316, 0.14834, -0.966962, 0.332338, 0.798762, -0.158519)
bind/60/name = &"Right knee"
bind/60/bone = -1
bind/60/pose = Transform3D(1, -6.55313e-08, -6.92462e-08, -6.92462e-08, -0.998482, -0.0550849, -6.55312e-08, 0.0550849, -0.998482, 0.0688543, 0.522585, -0.0389611)
bind/61/name = &"Right ankle"
bind/61/bone = -1
bind/61/pose = Transform3D(1, -3.987e-14, -1.66856e-14, -4.72154e-14, -0.532458, 0.846457, -8.33622e-15, -0.846457, -0.532458, 0.0688543, 0.0787922, 0.061735)
bind/62/name = &"Right toe"
bind/62/bone = -1
bind/62/pose = Transform3D(1, 6.1548e-21, 2.94201e-21, -4.011e-14, -0.532458, 0.846457, 3.42964e-14, -0.846457, -0.532458, 0.0688543, -0.0321324, 0.061735)
bind/63/name = &"Left elbow IK"
bind/63/bone = -1
bind/63/pose = Transform3D(-8.56817e-07, -1.23978e-05, 1, 1, 2.7711e-13, 8.34465e-07, -1.06226e-11, 1, 1.23978e-05, 0.0234529, -0.681371, -1.29011)
bind/64/name = &"Left arm pole"
bind/64/bone = -1
bind/64/pose = Transform3D(1, 0, 0, 0, 0, -1, 0, 1, 0, 0.0302146, -0.22379, -1.2901)
bind/65/name = &"Right arm pole"
bind/65/bone = -1
bind/65/pose = Transform3D(1, 0, 0, 0, 0, -1, 0, 1, 0, -0.0302146, -0.22379, -1.2901)
bind/66/name = &"Right elbow IK"
bind/66/bone = -1
bind/66/pose = Transform3D(-8.56817e-07, 1.23978e-05, -1, -1, 2.7711e-13, 8.34465e-07, 1.06226e-11, 1, 1.23978e-05, -0.0234529, -0.681371, -1.29011)
bind/67/name = &"Walk start paste"
bind/67/bone = -1
bind/67/pose = Transform3D(1, 0, 0, 0, -1, 0, 0, 0, -1, 0.0688543, -0.00579047, -0.033823)
bind/68/name = &"Left knee IK"
bind/68/bone = -1
bind/68/pose = Transform3D(1, 0, 0, 0, -1, 0, 0, 0, -1, -0.0688543, -0.00579047, -0.033823)

[sub_resource type="Animation" id="Animation_8c78i"]
resource_name = "walk raw"
tracks/0/type = "position_3d"
tracks/0/imported = true
tracks/0/enabled = true
tracks/0/path = NodePath("kira/Skeleton3D:Hips")
tracks/0/interp = 1
tracks/0/loop_wrap = true
tracks/0/keys = PackedFloat32Array(0, 1, 0, 0.911067, 0, 0.0666667, 1, 0, 0.912052, 0, 0.333333, 1, 0, 0.922559, 0, 0.666667, 1, 0, 0.932915, 0, 1, 1, 0, 0.912832, 0)
tracks/1/type = "rotation_3d"
tracks/1/imported = true
tracks/1/enabled = true
tracks/1/path = NodePath("kira/Skeleton3D:Hips")
tracks/1/interp = 1
tracks/1/loop_wrap = true
tracks/1/keys = PackedFloat32Array(0, 1, 0.00763575, 0, 0, 0.999971, 0.1, 1, 0.00610863, 0, 0, 0.999981, 0.166667, 1, 0.00436331, 0, 0, 0.99999, 0.233333, 1, 0.00261798, 0, 0, 0.999997, 0.3, 1, 0.000872657, 0, 0, 1, 1, 1, 0, 0, 0, 1)
tracks/2/type = "rotation_3d"
tracks/2/imported = true
tracks/2/enabled = true
tracks/2/path = NodePath("kira/Skeleton3D:Neck")
tracks/2/interp = 1
tracks/2/loop_wrap = true
tracks/2/keys = PackedFloat32Array(0, 1, 0.157362, -1.63525e-08, -1.70377e-08, 0.987541, 0.0333333, 1, 0.157362, -1.63525e-08, -1.70377e-08, 0.987541, 0.0666667, 1, 0.158655, -1.63514e-08, -1.70356e-08, 0.987334, 0.1, 1, 0.160378, -1.635e-08, -1.70328e-08, 0.987056, 0.133333, 1, 0.162101, -1.63485e-08, -1.70299e-08, 0.986774, 0.233333, 1, 0.167265, -1.63437e-08, -1.7021e-08, 0.985912, 0.333333, 1, 0.172425, -1.63384e-08, -1.70117e-08, 0.985023, 1, 1, 0.172425, -1.63384e-08, -1.70117e-08, 0.985023)
tracks/3/type = "rotation_3d"
tracks/3/imported = true
tracks/3/enabled = true
tracks/3/path = NodePath("kira/Skeleton3D:Left arm")
tracks/3/interp = 1
tracks/3/loop_wrap = true
tracks/3/keys = PackedFloat32Array(0, 1, -0.578159, -0.345026, -0.0233262, 0.739017, 0.0333333, 1, -0.578159, -0.345026, -0.0233262, 0.739017, 0.0666667, 1, -0.576939, -0.339604, -0.0192161, 0.742591, 0.1, 1, -0.575266, -0.332286, -0.0135972, 0.747309, 0.133333, 1, -0.573542, -0.324846, -0.00776893, 0.751973, 0.166667, 1, -0.571764, -0.317284, -0.00172781, 0.75658, 0.2, 1, -0.569933, -0.309577, 0.00460446, 0.761129, 0.233333, 1, -0.56804, -0.301755, 0.0111594, 0.765604, 0.266667, 1, -0.566081, -0.293821, 0.0179391, 0.77, 0.3, 1, -0.564054, -0.285777, 0.0249451, 0.774307, 0.333333, 1, -0.561954, -0.277626, 0.0321789, 0.778521, 0.366667, 1, -0.558996, -0.262894, 0.0445626, 0.785127, 0.4, 1, -0.556037, -0.247823, 0.0579827, 0.791229, 0.5, 1, -0.546879, -0.202722, 0.102038, 0.805863, 0.533333, 1, -0.543699, -0.188588, 0.117093, 0.809392, 0.566667, 1, -0.540385, -0.175085, 0.131846, 0.812371, 0.6, 1, -0.536926, -0.162265, 0.146158, 0.814873, 0.633333, 1, -0.533311, -0.150166, 0.159916, 0.81698, 0.666667, 1, -0.529528, -0.138805, 0.173027, 0.818776, 0.7, 1, -0.524816, -0.128276, 0.184975, 0.820913, 0.733333, 1, -0.519864, -0.118351, 0.196314, 0.822919, 0.766667, 1, -0.514761, -0.109072, 0.206989, 0.824791, 0.8, 1, -0.509608, -0.1005, 0.216927, 0.826524, 0.833333, 1, -0.50452, -0.0927037, 0.226034, 0.828115, 0.866667, 1, -0.499811, -0.0861351, 0.233779, 0.829528, 0.9, 1, -0.495608, -0.0806536, 0.240246, 0.830752, 0.933333, 1, -0.492099, -0.0763889, 0.245254, 0.831778, 0.966667, 1, -0.489475, -0.0734754, 0.248619, 0.832589, 1, 1, -0.487929, -0.0720516, 0.250152, 0.833162)
tracks/4/type = "rotation_3d"
tracks/4/imported = true
tracks/4/enabled = true
tracks/4/path = NodePath("kira/Skeleton3D:Left elbow")
tracks/4/interp = 1
tracks/4/loop_wrap = true
tracks/4/keys = PackedFloat32Array(0, 1, -1.9142e-08, -0.00762956, -1.99693e-08, 0.999971, 0.1, 1, -1.8421e-08, -0.00610243, -5.2558e-08, 0.999981, 0.166667, 1, 1.13534e-10, -0.00435713, -2.81216e-08, 0.999991, 0.233333, 1, -5.44546e-09, -0.0026118, -3.03267e-08, 0.999997, 0.3, 1, -7.32198e-09, -0.000866491, -3.50932e-08, 1, 1, 1, -4.31284e-09, 6.17536e-06, -2.64518e-06, 1)
tracks/5/type = "rotation_3d"
tracks/5/imported = true
tracks/5/enabled = true
tracks/5/path = NodePath("kira/Skeleton3D:Right arm")
tracks/5/interp = 1
tracks/5/loop_wrap = true
tracks/5/keys = PackedFloat32Array(0, 1, -0.468045, 0.0337826, -0.301066, 0.830151, 0.0333333, 1, -0.468045, 0.0337826, -0.301066, 0.830151, 0.0666667, 1, -0.471357, 0.0384723, -0.294559, 0.830408, 0.333333, 1, -0.503942, 0.0929953, -0.225273, 0.828641, 0.366667, 1, -0.508294, 0.100145, -0.216733, 0.827427, 0.4, 1, -0.512316, 0.106577, -0.209291, 0.826057, 0.433333, 1, -0.516072, 0.112468, -0.202677, 0.824587, 0.466667, 1, -0.519617, 0.118003, -0.196614, 0.823053, 0.5, 1, -0.523005, 0.123379, -0.190824, 0.82148, 0.533333, 1, -0.526301, 0.128961, -0.184854, 0.819881, 0.566667, 1, -0.52959, 0.135024, -0.178344, 0.818228, 0.6, 1, -0.532915, 0.1418, -0.17103, 0.816482, 0.633333, 1, -0.536312, 0.149532, -0.16265, 0.814588, 0.666667, 1, -0.539809, 0.158473, -0.152935, 0.812468, 0.7, 1, -0.542933, 0.16957, -0.140584, 0.810374, 0.733333, 1, -0.546032, 0.181967, -0.126995, 0.807842, 0.766667, 1, -0.548998, 0.195293, -0.112649, 0.804843, 0.833333, 1, -0.554184, 0.223074, -0.0836922, 0.797568, 0.866667, 1, -0.556196, 0.236125, -0.0707117, 0.793657, 0.9, 1, -0.557758, 0.247634, -0.0594842, 0.789965, 0.933333, 1, -0.558843, 0.256992, -0.0504712, 0.78683, 0.966667, 1, -0.559431, 0.263589, -0.0441288, 0.784609, 1, 1, -0.559487, 0.266805, -0.040907, 0.783656)
tracks/6/type = "rotation_3d"
tracks/6/imported = true
tracks/6/enabled = true
tracks/6/path = NodePath("kira/Skeleton3D:Right elbow")
tracks/6/interp = 1
tracks/6/loop_wrap = true
tracks/6/keys = PackedFloat32Array(0, 1, 6.97483e-09, 0.00762957, 1.42944e-08, 0.999971, 0.1, 1, -1.95044e-08, 0.00610244, 3.3297e-08, 0.999981, 0.166667, 1, -2.49971e-08, 0.00435713, 2.06419e-08, 0.999991, 0.233333, 1, -6.26572e-09, 0.00261181, 2.09438e-08, 0.999997, 0.3, 1, -1.69509e-08, 0.000866461, 2.78519e-08, 1, 1, 1, -2.85043e-09, -6.20026e-06, 2.41466e-08, 1)
tracks/7/type = "rotation_3d"
tracks/7/imported = true
tracks/7/enabled = true
tracks/7/path = NodePath("kira/Skeleton3D:Left leg")
tracks/7/interp = 1
tracks/7/loop_wrap = true
tracks/7/keys = PackedFloat32Array(0, 1, -0.992718, 0.0020018, -0.0166596, 0.119284, 0.0333333, 1, -0.992718, 0.0020018, -0.0166596, 0.119284, 0.0666667, 1, -0.995772, 0.00132922, -0.0140123, 0.0907697, 0.1, 1, -0.998596, 0.000587334, -0.00997879, 0.0520209, 0.133333, 1, -0.999908, 0.000121582, -0.00513706, 0.0125288, 0.166667, 1, 0.999632, -1.71681e-05, -0.000633268, 0.0271244, 0.2, 1, 0.997798, -0.000588988, -0.00785695, 0.0658599, 0.233333, 1, 0.994527, -0.00184109, -0.0165094, 0.103151, 0.266667, 1, 0.989975, -0.00391351, -0.0268458, 0.138616, 0.3, 1, 0.984293, -0.00701119, -0.0393914, 0.171949, 0.333333, 1, 0.977588, -0.0114036, -0.0549408, 0.202911, 0.366667, 1, 0.977998, -0.00983602, -0.0474051, 0.202921, 0.4, 1, 0.978443, -0.00836038, -0.040415, 0.20235, 0.433333, 1, 0.978954, -0.0069747, -0.0339287, 0.201119, 0.466667, 1, 0.979556, -0.00566232, -0.0278286, 0.199158, 0.5, 1, 0.980268, -0.00439195, -0.0219208, 0.196404, 0.533333, 1, 0.981155, -0.00320227, -0.0162914, 0.192508, 0.566667, 1, 0.982149, -0.0022856, -0.0119174, 0.187714, 0.6, 1, 0.983261, -0.00151496, -0.00813681, 0.182018, 0.633333, 1, 0.984483, -0.000814946, -0.00453633, 0.175418, 0.666667, 1, 0.9858, -0.000161801, -0.000951193, 0.16792, 0.7, 1, 0.98993, 0.000305592, 0.00229194, 0.14154, 0.733333, 1, 0.993466, 0.000571099, 0.00524077, 0.114007, 0.766667, 1, 0.996315, 0.000652332, 0.00793634, 0.0854039, 0.8, 1, 0.998386, 0.000564379, 0.0103868, 0.0558363, 0.833333, 1, 0.999597, 0.00031983, 0.0125674, 0.025438, 0.866667, 1, 0.999878, -9.80041e-05, 0.0145225, -0.00570211, 0.9, 1, -0.99918, 0.000624532, -0.0162902, 0.0370602, 0.966667, 1, -0.994867, 0.00193238, -0.0192477, 0.0993223, 1, 1, -0.991341, 0.00269129, -0.0205763, 0.129664)
tracks/8/type = "rotation_3d"
tracks/8/imported = true
tracks/8/enabled = true
tracks/8/path = NodePath("kira/Skeleton3D:Left knee")
tracks/8/interp = 1
tracks/8/loop_wrap = true
tracks/8/keys = PackedFloat32Array(0, 1, 0.0729745, -0.0167347, 0.00122465, 0.997193, 0.0333333, 1, 0.0729745, -0.0167347, 0.00122465, 0.997193, 0.0666667, 1, 0.0918356, -0.0140188, 0.00125876, 0.995675, 0.1, 1, 0.117507, -0.00993174, 0.00112988, 0.993022, 0.166667, 1, 0.169663, 0.000624319, -0.000107468, 0.985502, 0.2, 1, 0.194281, 0.00771935, -0.00157513, 0.980914, 0.233333, 1, 0.217067, 0.0161978, -0.00368302, 0.976015, 0.266667, 1, 0.237675, 0.0263306, -0.0065352, 0.970966, 0.333333, 1, 0.271367, 0.0539994, -0.0152509, 0.960839, 0.366667, 1, 0.297094, 0.0462385, -0.0143512, 0.95362, 0.4, 1, 0.322175, 0.0390881, -0.0132429, 0.94578, 0.433333, 1, 0.346476, 0.0325109, -0.0119524, 0.937419, 0.466667, 1, 0.369879, 0.0263969, -0.0104745, 0.928646, 0.5, 1, 0.392287, 0.0205635, -0.00877231, 0.919571, 0.533333, 1, 0.413297, 0.0151318, -0.00683283, 0.910445, 0.566667, 1, 0.433127, 0.0109512, -0.00522665, 0.901251, 0.6, 1, 0.451765, 0.00739645, -0.00371432, 0.892099, 0.633333, 1, 0.469208, 0.00407821, -0.00214732, 0.883076, 0.666667, 1, 0.485457, 0.000843626, -0.000468163, 0.87426, 0.7, 1, 0.456888, -0.00206887, 0.00103279, 0.889521, 0.733333, 1, 0.426583, -0.00478365, 0.00221568, 0.904433, 0.766667, 1, 0.394579, -0.00733033, 0.00311081, 0.918827, 0.8, 1, 0.360952, -0.009708, 0.00373592, 0.932527, 0.833333, 1, 0.325814, -0.0118854, 0.00409629, 0.94535, 0.866667, 1, 0.289194, -0.0139076, 0.00418241, 0.95716, 0.966667, 1, 0.175778, -0.0190455, 0.00338773, 0.98424, 1, 1, 0.138026, -0.0205529, 0.00286489, 0.990211)
tracks/9/type = "rotation_3d"
tracks/9/imported = true
tracks/9/enabled = true
tracks/9/path = NodePath("kira/Skeleton3D:Right leg")
tracks/9/interp = 1
tracks/9/loop_wrap = true
tracks/9/keys = PackedFloat32Array(0, 1, 0.991734, 0.00734009, 0.0664763, 0.109504, 0.0333333, 1, 0.991734, 0.00734009, 0.0664763, 0.109504, 0.0666667, 1, 0.994918, 0.00474561, 0.0522963, 0.0859115, 0.1, 1, 0.997922, 0.00209636, 0.0357024, 0.0535935, 0.133333, 1, 0.999547, 0.000543477, 0.0223042, 0.0202213, 0.166667, 1, -0.999838, 0.000159008, -0.0114845, 0.0138419, 0.2, 1, -0.998841, 8.40616e-05, -0.00321944, 0.0480355, 0.233333, 1, -0.996649, -0.000376223, 0.00360582, 0.0817209, 0.266667, 1, -0.993376, -0.00112301, 0.00921574, 0.114537, 0.3, 1, -0.989161, -0.00207018, 0.0138067, 0.146173, 0.333333, 1, -0.984162, -0.00314452, 0.0175465, 0.176373, 0.366667, 1, -0.988342, -0.00238471, 0.0154724, 0.151444, 0.4, 1, -0.992045, -0.00168047, 0.0131135, 0.125187, 0.433333, 1, -0.995161, -0.00105579, 0.0104338, 0.0976931, 0.466667, 1, -0.997583, -0.000537736, 0.00739466, 0.0690849, 0.5, 1, -0.999211, -0.000156372, 0.00395444, 0.0395162, 0.533333, 1, -0.999959, -2.99094e-05, -0.000134738, 0.00907988, 0.566667, 1, -0.999754, -0.000160913, -0.00481981, -0.0216561, 0.6, 1, 0.998573, 0.000599785, 0.0101484, 0.0524248, 0.666667, 1, 0.993324, 0.00261602, 0.0229937, 0.113012, 0.766667, 1, 0.989803, 0.0041144, 0.0291692, 0.139362, 0.833333, 1, 0.987087, 0.00534277, 0.0336961, 0.15651, 1, 1, 0.979125, 0.00949846, 0.0470892, 0.197502)
tracks/10/type = "rotation_3d"
tracks/10/imported = true
tracks/10/enabled = true
tracks/10/path = NodePath("kira/Skeleton3D:Right knee")
tracks/10/interp = 1
tracks/10/loop_wrap = true
tracks/10/keys = PackedFloat32Array(0, 1, 0.00965644, -0.0668772, 0.000647267, 0.997714, 0.0333333, 1, 0.00965644, -0.0668772, 0.000647267, 0.997714, 0.0666667, 1, 0.00814525, -0.0525094, 0.000442912, 0.998587, 0.1, 1, 0.00548165, -0.0357624, 0.000213986, 0.999345, 0.133333, 1, 0.00197488, -0.0223098, 5.5141e-05, 0.999749, 0.166667, 1, -0.00211906, -0.0114855, -2.43551e-05, 0.999932, 0.2, 1, -0.0063448, -0.00322035, -1.17158e-05, 0.999975, 0.233333, 1, -0.0101637, 0.003624, 4.56219e-05, 0.999942, 0.266667, 1, -0.0132894, 0.009283, 0.000128136, 0.999869, 0.3, 1, -0.0154834, 0.0139595, 0.000217211, 0.999783, 0.333333, 1, -0.016555, 0.0178236, 0.000295145, 0.999704, 0.366667, 1, 0.00073639, 0.0156552, -2.15507e-06, 0.999877, 0.4, 1, 0.0194132, 0.0132186, -0.000238589, 0.999724, 0.433333, 1, 0.0393669, 0.0104798, -0.000389937, 0.99917, 0.466667, 1, 0.0604539, 0.00740165, -0.000429174, 0.998143, 0.5, 1, 0.0824963, 0.00394404, -0.000326499, 0.996584, 0.533333, 1, 0.105358, -0.000131137, 3.75009e-05, 0.994434, 0.633333, 1, 0.173897, -0.0159878, 0.00286266, 0.98463, 0.666667, 1, 0.19577, -0.022694, 0.00453171, 0.980377, 0.733333, 1, 0.211491, -0.0266483, 0.00577506, 0.977, 0.8, 1, 0.22679, -0.0309114, 0.00720648, 0.973426, 0.833333, 1, 0.23427, -0.0331666, 0.00799725, 0.971573, 0.9, 1, 0.248791, -0.0379588, 0.0097659, 0.967764, 1, 1, 0.269593, -0.0462548, 0.0129655, 0.961776)
tracks/11/type = "position_3d"
tracks/11/imported = true
tracks/11/enabled = true
tracks/11/path = NodePath("kira/Skeleton3D:Left elbow IK")
tracks/11/interp = 1
tracks/11/loop_wrap = true
tracks/11/keys = PackedFloat32Array(0, 1, 0.184398, 0.884368, 0.236074, 0.0333333, 1, 0.184398, 0.884368, 0.236074, 0.0666667, 1, 0.184398, 0.885886, 0.228007, 0.333333, 1, 0.184398, 0.902073, 0.14196, 0.366667, 1, 0.184398, 0.901278, 0.124954, 0.5, 1, 0.184398, 0.890511, 0.0562989, 0.533333, 1, 0.184398, 0.887114, 0.0395085, 0.566667, 1, 0.184398, 0.884043, 0.0230692, 0.6, 1, 0.184398, 0.881514, 0.00706358, 0.633333, 1, 0.184398, 0.879744, -0.00842538, 0.666667, 1, 0.184398, 0.878949, -0.023315, 0.7, 1, 0.184398, 0.879968, -0.0372324, 0.733333, 1, 0.184398, 0.882237, -0.0502688, 0.766667, 1, 0.184398, 0.885479, -0.0623192, 0.8, 1, 0.184398, 0.889415, -0.0732788, 0.833333, 1, 0.184398, 0.893768, -0.0830425, 0.866667, 1, 0.184398, 0.898121, -0.0910018, 0.9, 1, 0.184398, 0.902057, -0.0974505, 0.933333, 1, 0.184398, 0.905299, -0.102284, 0.966667, 1, 0.184398, 0.907568, -0.105396, 1, 1, 0.184398, 0.908586, -0.106683)
tracks/12/type = "position_3d"
tracks/12/imported = true
tracks/12/enabled = true
tracks/12/path = NodePath("kira/Skeleton3D:Left arm pole")
tracks/12/interp = 1
tracks/12/loop_wrap = true
tracks/12/keys = PackedFloat32Array(0, 1, -0.0302146, 1.29175, -0.22379, 0.0666667, 1, -0.0302146, 1.29273, -0.22379, 0.333333, 1, -0.0302146, 1.30324, -0.22379, 0.666667, 1, -0.0302146, 1.31359, -0.22379, 1, 1, -0.0302146, 1.29351, -0.22379)
tracks/13/type = "position_3d"
tracks/13/imported = true
tracks/13/enabled = true
tracks/13/path = NodePath("kira/Skeleton3D:Right arm pole")
tracks/13/interp = 1
tracks/13/loop_wrap = true
tracks/13/keys = PackedFloat32Array(0, 1, 0.0302146, 1.29175, -0.22379, 0.0666667, 1, 0.0302146, 1.29273, -0.22379, 0.333333, 1, 0.0302146, 1.30324, -0.22379, 0.666667, 1, 0.0302146, 1.31359, -0.22379, 1, 1, 0.0302146, 1.29351, -0.22379)
tracks/14/type = "position_3d"
tracks/14/imported = true
tracks/14/enabled = true
tracks/14/path = NodePath("kira/Skeleton3D:Right elbow IK")
tracks/14/interp = 1
tracks/14/loop_wrap = true
tracks/14/keys = PackedFloat32Array(0, 1, -0.184398, 0.904714, -0.16271, 0.0333333, 1, -0.184398, 0.904714, -0.16271, 0.0666667, 1, -0.184398, 0.904013, -0.155804, 0.333333, 1, -0.184398, 0.89653, -0.0821375, 0.366667, 1, -0.184398, 0.893218, -0.0730567, 0.4, 1, -0.184398, 0.889332, -0.0649829, 0.433333, 1, -0.184398, 0.885057, -0.0576214, 0.466667, 1, -0.184398, 0.880581, -0.0506775, 0.5, 1, -0.184398, 0.876089, -0.0438565, 0.533333, 1, -0.184398, 0.871947, -0.03661, 0.566667, 1, -0.184398, 0.868347, -0.0286024, 0.6, 1, -0.184398, 0.865476, -0.019539, 0.633333, 1, -0.184398, 0.863518, -0.00912519, 0.666667, 1, -0.184398, 0.862661, 0.00293385, 0.7, 1, -0.184398, 0.86368, 0.0174921, 0.733333, 1, -0.184398, 0.865949, 0.0333028, 0.766667, 1, -0.184398, 0.86919, 0.0498094, 0.8, 1, -0.184398, 0.873126, 0.0664555, 0.833333, 1, -0.184398, 0.877479, 0.0826846, 0.866667, 1, -0.184398, 0.881832, 0.0972447, 0.9, 1, -0.184398, 0.885769, 0.109718, 0.933333, 1, -0.184398, 0.88901, 0.119549, 0.966667, 1, -0.184398, 0.89128, 0.12618, 1, 1, -0.184398, 0.892298, 0.129055)
tracks/15/type = "position_3d"
tracks/15/imported = true
tracks/15/enabled = true
tracks/15/path = NodePath("kira/Skeleton3D:Walk start paste")
tracks/15/interp = 1
tracks/15/loop_wrap = true
tracks/15/keys = PackedFloat32Array(0, 1, -0.0688543, -0.0155849, 0.177613, 0.0333333, 1, -0.0688543, -0.0155849, 0.177613, 0.0666667, 1, -0.0688543, -0.0125254, 0.135964, 0.333333, 1, -0.0688543, 0.0201091, -0.30829, 0.666667, 1, -0.0688543, 0.0428761, 0.0290989, 1, 1, -0.0688543, 0.0294257, 0.116949)
tracks/16/type = "rotation_3d"
tracks/16/imported = true
tracks/16/enabled = true
tracks/16/path = NodePath("kira/Skeleton3D:Walk start paste")
tracks/16/interp = 1
tracks/16/loop_wrap = true
tracks/16/keys = PackedFloat32Array(0, 1, 0.995771, -2.92587e-17, -4.15347e-25, 0.0918757, 0.0333333, 1, 0.995771, -2.92587e-17, -4.15347e-25, 0.0918757, 0.0666667, 1, 0.997516, -2.98511e-17, -3.52604e-25, 0.0704429, 0.133333, 1, 0.999917, -3.13689e-17, -2.53398e-25, 0.0129138, 0.166667, 1, -0.999872, 3.20916e-17, 2.32674e-25, 0.0159818, 0.3, 1, -0.991421, 3.46988e-17, 0, 0.130708, 0.333333, 1, -0.987301, 3.52737e-17, 0, 0.158858, 0.666667, 1, -0.995757, 2.0434e-17, 0, 0.0920265, 0.866667, 1, -0.99596, -3.5926e-18, 1.8687e-25, 0.0898009, 1, 1, -0.996092, -1.96103e-17, 3.1141e-25, 0.088317)
tracks/17/type = "position_3d"
tracks/17/imported = true
tracks/17/enabled = true
tracks/17/path = NodePath("kira/Skeleton3D:Left knee IK")
tracks/17/interp = 1
tracks/17/loop_wrap = true
tracks/17/keys = PackedFloat32Array(0, 1, 0.0688543, 0.0147342, -0.290737, 0.0333333, 1, 0.0688543, 0.0147342, -0.290737, 0.0666667, 1, 0.0688543, 0.0130064, -0.253397, 0.333333, 1, 0.0688543, -0.00542276, 0.1449, 0.666667, 1, 0.0688543, 0.072337, -0.0950994, 1, 1, 0.0688543, 0.0276437, -0.349651)
tracks/18/type = "rotation_3d"
tracks/18/imported = true
tracks/18/enabled = true
tracks/18/path = NodePath("kira/Skeleton3D:Left knee IK")
tracks/18/interp = 1
tracks/18/loop_wrap = true
tracks/18/keys = PackedFloat32Array(0, 1, -0.979007, -4.00732e-17, 4.22459e-25, 0.203827, 0.0333333, 1, -0.979007, -4.00732e-17, 4.22459e-25, 0.203827, 0.0666667, 1, -0.980914, -3.48736e-17, 5.48002e-25, 0.194441, 0.333333, 1, -0.995635, 2.07233e-17, 0, 0.0933294, 0.666667, 1, -0.92937, 8.19674e-17, 0, 0.369149, 1, 1, -0.961215, -1.32737e-16, 3.54309e-17, 0.275801)
tracks/19/type = "rotation_3d"
tracks/19/imported = true
tracks/19/enabled = true
tracks/19/path = NodePath("kira/Skeleton3D:Spine")
tracks/19/interp = 1
tracks/19/loop_wrap = true
tracks/19/keys = PackedFloat32Array(0, 1, 0.0134896, -1.19543e-09, -1.19543e-09, 0.999909)
tracks/20/type = "rotation_3d"
tracks/20/imported = true
tracks/20/enabled = true
tracks/20/path = NodePath("kira/Skeleton3D:Chest")
tracks/20/interp = 1
tracks/20/loop_wrap = true
tracks/20/keys = PackedFloat32Array(0, 1, -0.121894, 9.72481e-09, 9.75348e-09, 0.992543)
tracks/21/type = "rotation_3d"
tracks/21/imported = true
tracks/21/enabled = true
tracks/21/path = NodePath("kira/Skeleton3D:Left wrist")
tracks/21/interp = 1
tracks/21/loop_wrap = true
tracks/21/keys = PackedFloat32Array(0, 1, 0.0375503, 0.0376199, 0.0125858, 0.998507)
tracks/22/type = "rotation_3d"
tracks/22/imported = true
tracks/22/enabled = true
tracks/22/path = NodePath("kira/Skeleton3D:Right wrist")
tracks/22/interp = 1
tracks/22/loop_wrap = true
tracks/22/keys = PackedFloat32Array(0, 1, 0.0375503, -0.0376199, -0.0125859, 0.998507)

[sub_resource type="Animation" id="Animation_lux1j"]
resource_name = "idle-loop"
length = 2.66667
loop_mode = 1
tracks/0/type = "rotation_3d"
tracks/0/imported = true
tracks/0/enabled = true
tracks/0/path = NodePath("kira/Skeleton3D:Spine")
tracks/0/interp = 1
tracks/0/loop_wrap = true
tracks/0/keys = PackedFloat32Array(0, 1, 0.0135379, -1.19548e-09, -1.19537e-09, 0.999908, 0.233333, 1, 0.0148936, -1.1971e-09, -1.19375e-09, 0.999889, 0.333333, 1, 0.0162118, -1.19868e-09, -1.19217e-09, 0.999869, 0.4, 1, 0.0172951, -1.19997e-09, -1.19087e-09, 0.999851, 0.466667, 1, 0.0185002, -1.2014e-09, -1.18942e-09, 0.999829, 0.533333, 1, 0.0198181, -1.20297e-09, -1.18784e-09, 0.999804, 0.633333, 1, 0.0219579, -1.20551e-09, -1.18526e-09, 0.999759, 0.7, 1, 0.0234642, -1.20729e-09, -1.18344e-09, 0.999725, 0.766667, 1, 0.0250107, -1.20912e-09, -1.18157e-09, 0.999687, 0.833333, 1, 0.0265769, -1.21097e-09, -1.17968e-09, 0.999647, 0.9, 1, 0.0281429, -1.21282e-09, -1.17778e-09, 0.999604, 1, 1, 0.0304501, -1.21553e-09, -1.17497e-09, 0.999536, 1.06667, 1, 0.0319257, -1.21727e-09, -1.17318e-09, 0.99949, 1.13333, 1, 0.0333344, -1.21892e-09, -1.17146e-09, 0.999444, 1.2, 1, 0.0346518, -1.22046e-09, -1.16985e-09, 0.9994, 1.26667, 1, 0.0358563, -1.22187e-09, -1.16838e-09, 0.999357, 1.33333, 1, 0.0369391, -1.22314e-09, -1.16706e-09, 0.999318, 1.43333, 1, 0.0382565, -1.22467e-09, -1.16544e-09, 0.999268, 1.56667, 1, 0.039378, -1.22598e-09, -1.16407e-09, 0.999224, 1.8, 1, 0.0383729, -1.16222e-09, -1.22789e-09, 0.999264, 1.86667, 1, 0.0369256, -1.16053e-09, -1.22966e-09, 0.999318, 1.93333, 1, 0.0350558, -1.15835e-09, -1.23195e-09, 0.999385, 1.96667, 1, 0.0340005, -1.15711e-09, -1.23324e-09, 0.999422, 2.03333, 1, 0.0316806, -1.15439e-09, -1.23607e-09, 0.999498, 2.06667, 1, 0.0304434, -1.15293e-09, -1.23757e-09, 0.999537, 2.1, 1, 0.0291743, -1.15144e-09, -1.23912e-09, 0.999574, 2.13333, 1, 0.0278824, -1.14992e-09, -1.24068e-09, 0.999611, 2.16667, 1, 0.0265769, -1.14838e-09, -1.24227e-09, 0.999647, 2.2, 1, 0.0252712, -1.14684e-09, -1.24385e-09, 0.999681, 2.26667, 1, 0.0227099, -1.14381e-09, -1.24694e-09, 0.999742, 2.3, 1, 0.0214724, -1.14234e-09, -1.24843e-09, 0.99977, 2.33333, 1, 0.0202757, -1.14092e-09, -1.24987e-09, 0.999794, 2.36667, 1, 0.0191518, -1.13959e-09, -1.25123e-09, 0.999817, 2.43333, 1, 0.0171174, -1.13717e-09, -1.25367e-09, 0.999853, 2.5, 1, 0.0154285, -1.13515e-09, -1.25569e-09, 0.999881, 2.56667, 1, 0.0142485, -1.13375e-09, -1.2571e-09, 0.999899, 2.66667, 1, 0.0134896, -1.19543e-09, -1.19543e-09, 0.999909)
tracks/1/type = "rotation_3d"
tracks/1/imported = true
tracks/1/enabled = true
tracks/1/path = NodePath("kira/Skeleton3D:Chest")
tracks/1/interp = 1
tracks/1/loop_wrap = true
tracks/1/keys = PackedFloat32Array(0, 1, -0.121958, 9.72418e-09, 9.75411e-09, 0.992535, 0.2, 1, -0.123279, 9.71119e-09, 9.76705e-09, 0.992372, 0.266667, 1, -0.124281, 9.70132e-09, 9.77685e-09, 0.992247, 0.366667, 1, -0.126191, 9.68248e-09, 9.79551e-09, 0.992006, 0.433333, 1, -0.127707, 9.6675e-09, 9.8103e-09, 0.991812, 0.5, 1, -0.129374, 9.651e-09, 9.82652e-09, 0.991596, 0.566667, 1, -0.131185, 9.63303e-09, 9.84414e-09, 0.991358, 0.733333, 1, -0.136103, 9.58406e-09, 9.89182e-09, 0.990695, 0.766667, 1, -0.137129, 9.57381e-09, 9.90174e-09, 0.990553, 0.8, 1, -0.138162, 9.56348e-09, 9.91172e-09, 0.99041, 0.833333, 1, -0.139198, 9.5531e-09, 9.92172e-09, 0.990265, 0.866667, 1, -0.140234, 9.54272e-09, 9.93171e-09, 0.990118, 0.966667, 1, -0.143308, 9.51183e-09, 9.9613e-09, 0.989678, 1, 1, -0.144312, 9.50172e-09, 9.97095e-09, 0.989532, 1.06667, 1, -0.14626, 9.48207e-09, 9.98963e-09, 0.989246, 1.13333, 1, -0.148119, 9.46328e-09, 1.00074e-08, 0.98897, 1.2, 1, -0.149857, 9.44568e-09, 1.00241e-08, 0.988708, 1.26667, 1, -0.151445, 9.42956e-09, 1.00392e-08, 0.988466, 1.33333, 1, -0.152873, 9.41504e-09, 1.00528e-08, 0.988246, 1.4, 1, -0.154083, 9.40272e-09, 1.00643e-08, 0.988058, 1.46667, 1, -0.155081, 9.39256e-09, 1.00738e-08, 0.987902, 1.56667, 1, -0.156088, 9.38228e-09, 1.00834e-08, 0.987743, 1.8, 1, -0.154763, 9.98459e-09, 9.46591e-09, 0.987952, 1.83333, 1, -0.153905, 9.99335e-09, 9.45774e-09, 0.988086, 1.86667, 1, -0.152855, 1.0004e-08, 9.44774e-09, 0.988249, 1.9, 1, -0.15168, 1.0016e-08, 9.43652e-09, 0.98843, 1.93333, 1, -0.15039, 1.00291e-08, 9.4242e-09, 0.988627, 1.96667, 1, -0.148998, 1.00432e-08, 9.41089e-09, 0.988838, 2, 1, -0.147515, 1.00582e-08, 9.39669e-09, 0.98906, 2.03333, 1, -0.145937, 1.00742e-08, 9.38156e-09, 0.989294, 2.06667, 1, -0.144304, 1.00907e-08, 9.36589e-09, 0.989534, 2.16667, 1, -0.139198, 1.0142e-08, 9.31674e-09, 0.990265, 2.2, 1, -0.137473, 1.01592e-08, 9.30009e-09, 0.990506, 2.23333, 1, -0.135766, 1.01763e-08, 9.28359e-09, 0.990741, 2.26667, 1, -0.134089, 1.0193e-08, 9.26735e-09, 0.990969, 2.3, 1, -0.132453, 1.02093e-08, 9.25149e-09, 0.991189, 2.33333, 1, -0.130871, 1.0225e-08, 9.23613e-09, 0.991399, 2.36667, 1, -0.129385, 1.02397e-08, 9.22168e-09, 0.991595, 2.4, 1, -0.127988, 1.02536e-08, 9.20809e-09, 0.991776, 2.43333, 1, -0.126694, 1.02663e-08, 9.19548e-09, 0.991942, 2.46667, 1, -0.125514, 1.0278e-08, 9.18397e-09, 0.992092, 2.5, 1, -0.12446, 1.02884e-08, 9.17368e-09, 0.992225, 2.56667, 1, -0.122899, 1.03037e-08, 9.15842e-09, 0.992419, 2.66667, 1, -0.121894, 9.72481e-09, 9.75349e-09, 0.992543)
tracks/2/type = "rotation_3d"
tracks/2/imported = true
tracks/2/enabled = true
tracks/2/path = NodePath("kira/Skeleton3D:Left arm")
tracks/2/interp = 1
tracks/2/loop_wrap = true
tracks/2/keys = PackedFloat32Array(0, 1, -0.554482, -0.193224, 0.129209, 0.799074, 0.3, 1, -0.554321, -0.192385, 0.129721, 0.799305, 0.433333, 1, -0.554162, -0.191563, 0.130223, 0.799531, 0.566667, 1, -0.553967, -0.190558, 0.130835, 0.799807, 0.666667, 1, -0.553803, -0.18972, 0.131344, 0.800036, 0.766667, 1, -0.55363, -0.188837, 0.13188, 0.800276, 0.866667, 1, -0.553454, -0.187936, 0.132425, 0.80052, 0.966667, 1, -0.553278, -0.187044, 0.132964, 0.800761, 1.1, 1, -0.553054, -0.185913, 0.133645, 0.801066, 1.23333, 1, -0.552854, -0.184905, 0.134252, 0.801336, 1.36667, 1, -0.552689, -0.18408, 0.134747, 0.801557, 1.63333, 1, -0.55252, -0.183234, 0.135253, 0.801782, 1.86667, 1, -0.552727, -0.184269, 0.134634, 0.801506, 2.03333, 1, -0.553127, -0.186281, 0.133424, 0.800967, 2.1, 1, -0.553317, -0.187242, 0.132845, 0.800708, 2.16667, 1, -0.553513, -0.188237, 0.132243, 0.800439, 2.23333, 1, -0.553708, -0.189232, 0.13164, 0.800169, 2.3, 1, -0.553895, -0.190191, 0.131058, 0.799907, 2.36667, 1, -0.554068, -0.191078, 0.130518, 0.799664, 2.46667, 1, -0.554284, -0.192197, 0.129836, 0.799357, 2.6, 1, -0.554459, -0.193104, 0.129282, 0.799107, 2.66667, 1, -0.554486, -0.193242, 0.129198, 0.799069)
tracks/3/type = "rotation_3d"
tracks/3/imported = true
tracks/3/enabled = true
tracks/3/path = NodePath("kira/Skeleton3D:Left elbow")
